======================================================
     遥感卫星SAR图像接收与解调实验 - 解调数据输出
======================================================
生成时间: 2025-07-28 17:43:34
同步字: 1ACFFC1D

--- 统计信息 ---
I路检测到的同步字数量: 25
Q路检测到的同步字数量: 21
提取的帧数量: 21
每帧长度: 8192 bits (1024 bytes)

--- 同步字位置信息 ---
I路同步字位置索引:
     596  172629  189013  197205  213589  229973  238165  254549  262741  279125
  287317  295509  410198  418390  442966  451158  467542  565847  574039  582231
  606807  623191  696920  737880  746072

Q路同步字位置索引:
    8788  156245  164437  246357  254549  262741  303701  385622  402006  418390
  434774  442966  451158  459350  557655  565847  574039  582231  590423  680536
  721496

--- I路AOS帧头解析结果（LDPC译码后）---
帧号  版本号  卫星ID  虚拟信道ID  帧计数器    回放标识  下传标识  IQ标识  符号速率
----  ------  ------  ----------  --------    --------  --------  ------  --------
   1       0     137          54   9031050           0         0       3         7
   2       3     123           1  11726913           1         1       1        12
   3       3      63          30  10536902           0         0       1         0
   4       2     146          57   5703694           0         1       2         5
   5       3      15          44   8940337           0         1       3        10
   6       3     237          16   3928280           0         1       0         1
   7       2     239          63  10010954           1         1       0         7
   8       3      64          26  14704321           1         1       0         5
   9       2      95          32   9741047           0         0       2         7
  10       3     198          50   2466013           1         1       0         2
  11       0      81          10   7200904           1         0       2         2
  12       2     175          39  16273425           1         1       2         0
  13       2      79          23   6878066           0         0       2        11
  14       1     190          62  10528390           0         0       0        13
  15       2      51          58  15184998           0         1       2        13
  16       2     136          63  15511723           1         0       2         3
  17       3     233          40   1929295           0         0       2         1
  18       1     123          61  12995732           0         0       2        11
  19       3     255          40   7798523           1         0       3         4
  20       0     135          10  12891867           1         0       0         7
  21       1     232          11   3586537           0         1       1         4

--- Q路AOS帧头解析结果（LDPC译码后）---
帧号  版本号  卫星ID  虚拟信道ID  帧计数器    回放标识  下传标识  IQ标识  符号速率
----  ------  ------  ----------  --------    --------  --------  ------  --------
   1       2      41          61   4001486           0         0       2         7
   2       2     238           2   3834718           1         1       0         0
   3       2     106          12   2062282           0         0       1         3
   4       3     163          50   8039724           1         1       2        14
   5       2      41          20  15650686           1         0       1         9
   6       1      34          37   5235959           1         1       2         9
   7       3     206          24   9732692           1         1       2        10
   8       0     125          45   6103768           1         1       3        11
   9       1      43          17  11397004           0         1       1         5
  10       2     214          54   2060125           0         0       1         0
  11       0      99          26   5758446           1         1       0        14
  12       1      13          31   5858806           1         1       3         5
  13       3     144          23  11900447           0         1       2        15
  14       0     163          14  15902255           1         1       1         7
  15       0     251          14  10659607           1         1       1         2
  16       1     227          16   1164472           0         0       1         9
  17       0      94          13     72779           1         0       0         1
  18       3     133          56   5247428           1         1       3         8
  19       1      78          45  15330428           0         1       2         9
  20       3      81          32  15384144           1         0       1        15
  21       1      92          17  15885357           0         1       1         8

--- 关键信息摘要 ---
卫星标识符: 137 (0x89)
符号速率标识: 7 (对应150Mbps)
I路帧计数范围: 9031050 - 3586537
Q路帧计数范围: 4001486 - 15885357

--- 解调链路验证结果 ---
✓ 同步字检测: 成功
✓ 帧结构提取: 成功
✓ 解扰处理: 成功
✓ LDPC解码: 成功
✓ AOS帧头解析: 成功

解调链路完整性验证通过！
